0 0 4 0
50 4 4 0
100 8 4 0
150 12 4 0
200 16 4 0
250 20 4 0
300 24 4 0
350 28 4 0
400 32 4 0
450 36 4 0
500 40 4 0
550 44 4 0
600 48 4 0
650 52 4 0
700 56 4 0
750 60 4 0
800 64 4 0
850 68 4 0
900 72 4 0
950 76 4 0
1000 80 4 0
1050 84 4 0
1100 88 4 0
1150 92 4 0
1200 96 4 0
1250 100 4 0
1300 104 4 0
1350 108 4 0
1400 112 4 0
1450 116 4 0
1500 120 4 0
1550 124 4 0
1600 128 4 0
1650 132 4 0
1700 136 4 0
1750 140 4 0
1800 144 4 0
1850 148 4 0
1900 152 4 0
1950 156 4 0
2000 160 4 0
2050 164 4 0
2100 168 4 0
2150 172 4 0
2200 176 4 0
2250 180 4 0
2300 184 4 0
2350 188 4 0
2400 192 4 0
2450 196 4 0
2500 200 4 0
2550 204 4 0
2600 208 4 0
2650 212 4 0
2700 216 4 0
2750 220 4 0
2800 224 4 0
2850 228 4 0
2900 232 4 0
2950 236 4 0
3000 240 4 0
3050 244 4 0
3100 248 4 0
3150 252 4 0
3200 256 4 0
3250 260 4 0
3300 264 4 0
3350 268 4 0
3400 272 4 0
3450 276 4 0
3500 280 4 0
3550 284 4 0
3600 288 4 0
3650 292 4 0
3700 296 4 0
3750 300 4 0
3800 304 4 0
3850 308 4 0
3900 312 4 0
3950 316 4 0
4000 320 4 0
4050 324 4 0
4100 328 4 0
4150 332 4 0
4200 336 4 0
4250 340 4 0
4300 344 4 0
4350 348 4 0
4400 352 4 0
4450 356 4 0
4500 360 4 0
4550 364 4 0
4600 368 4 0
4650 372 4 0
4700 376 4 0
4750 380 4 0
4800 384 4 0
4850 388 4 0
4900 392 4 0
4950 396 4 0
5000 400 4 0
5050 404 4 0
5100 408 4 0
5150 412 4 0
5200 416 4 0
5250 420 4 0
5300 424 4 0
5350 428 4 0
5400 432 4 0
5450 436 4 0
5500 440 4 0
5550 444 4 0
5600 448 4 0
5650 452 4 0
5700 456 4 0
5750 460 4 0
5800 464 4 0
5850 468 4 0
5900 472 4 0
5950 476 4 0
6000 480 4 0
6050 484 4 0
6100 488 4 0
6150 492 4 0
6200 496 4 0
6250 500 4 0
6300 504 4 0
6350 508 4 0
6400 512 4 0
6450 516 4 0
6500 520 4 0
6550 524 4 0
6600 528 4 0
6650 532 4 0
6700 536 4 0
6750 540 4 0
6800 544 4 0
6850 548 4 0
6900 552 4 0
6950 556 4 0
7000 560 4 0
7050 564 4 0
7100 568 4 0
7150 572 4 0
7200 576 4 0
7250 580 4 0
7300 584 4 0
7350 588 4 0
7400 592 4 0
7450 596 4 0
7500 600 4 0
7550 604 4 0
7600 608 4 0
7650 612 4 0
7700 616 4 0
7750 620 4 0
7800 624 4 0
7850 628 4 0
7900 632 4 0
7950 636 4 0
8000 640 4 0
8050 644 4 0
8100 648 4 0
8150 652 4 0
8200 656 4 0
8250 660 4 0
8300 664 4 0
8350 668 4 0
8400 672 4 0
8450 676 4 0
8500 680 4 0
8550 684 4 0
8600 688 4 0
8650 692 4 0
8700 696 4 0
8750 700 4 0
8800 704 4 0
8850 708 4 0
8900 712 4 0
8950 716 4 0
9000 720 4 0
9050 724 4 0
9100 728 4 0
9150 732 4 0
9200 736 4 0
9250 740 4 0
9300 744 4 0
9350 748 4 0
9400 752 4 0
9450 756 4 0
9500 760 4 0
9550 764 4 0
9600 768 4 0
9650 772 4 0
9700 776 4 0
9750 780 4 0
9800 784 4 0
9850 788 4 0
9900 792 4 0
9950 796 4 0
